{
 "cells": [
  {
   "cell_type": "markdown",
   "id": "0232f836",
   "metadata": {},
   "source": [
    "# Heart Disease Prediction Model"
   ]
  },
  {
   "cell_type": "markdown",
   "id": "429e0486",
   "metadata": {},
   "source": [
    "## Imporing Libraries "
   ]
  },
  {
   "cell_type": "code",
   "execution_count": 1,
   "id": "1ad8f62e",
   "metadata": {},
   "outputs": [],
   "source": [
    "import numpy as np\n",
    "import matplotlib.pyplot as plt\n",
    "import pandas as pd\n",
    "from sklearn.tree import DecisionTreeClassifier\n",
    "from sklearn.ensemble import RandomForestClassifier\n",
    "from sklearn.neighbors import KNeighborsClassifier\n",
    "from sklearn.linear_model import LogisticRegression\n",
    "from sklearn.svm import SVC\n",
    "from sklearn.model_selection import train_test_split\n",
    "import seaborn as sns"
   ]
  },
  {
   "cell_type": "code",
   "execution_count": 2,
   "id": "61623340",
   "metadata": {},
   "outputs": [],
   "source": [
    "import warnings\n",
    "warnings.filterwarnings('ignore')"
   ]
  },
  {
   "cell_type": "markdown",
   "id": "7d71860a",
   "metadata": {},
   "source": [
    "## Importing Dataset"
   ]
  },
  {
   "cell_type": "code",
   "execution_count": 3,
   "id": "1e73b018",
   "metadata": {},
   "outputs": [
    {
     "data": {
      "text/html": [
       "<div>\n",
       "<style scoped>\n",
       "    .dataframe tbody tr th:only-of-type {\n",
       "        vertical-align: middle;\n",
       "    }\n",
       "\n",
       "    .dataframe tbody tr th {\n",
       "        vertical-align: top;\n",
       "    }\n",
       "\n",
       "    .dataframe thead th {\n",
       "        text-align: right;\n",
       "    }\n",
       "</style>\n",
       "<table border=\"1\" class=\"dataframe\">\n",
       "  <thead>\n",
       "    <tr style=\"text-align: right;\">\n",
       "      <th></th>\n",
       "      <th>age</th>\n",
       "      <th>sex</th>\n",
       "      <th>cp</th>\n",
       "      <th>trestbps</th>\n",
       "      <th>chol</th>\n",
       "      <th>fbs</th>\n",
       "      <th>restecg</th>\n",
       "      <th>thalach</th>\n",
       "      <th>exang</th>\n",
       "      <th>oldpeak</th>\n",
       "      <th>slope</th>\n",
       "      <th>ca</th>\n",
       "      <th>thal</th>\n",
       "      <th>target</th>\n",
       "    </tr>\n",
       "  </thead>\n",
       "  <tbody>\n",
       "    <tr>\n",
       "      <th>0</th>\n",
       "      <td>63</td>\n",
       "      <td>1</td>\n",
       "      <td>3</td>\n",
       "      <td>145</td>\n",
       "      <td>233</td>\n",
       "      <td>1</td>\n",
       "      <td>0</td>\n",
       "      <td>150</td>\n",
       "      <td>0</td>\n",
       "      <td>2.3</td>\n",
       "      <td>0</td>\n",
       "      <td>0</td>\n",
       "      <td>1</td>\n",
       "      <td>1</td>\n",
       "    </tr>\n",
       "    <tr>\n",
       "      <th>1</th>\n",
       "      <td>37</td>\n",
       "      <td>1</td>\n",
       "      <td>2</td>\n",
       "      <td>130</td>\n",
       "      <td>250</td>\n",
       "      <td>0</td>\n",
       "      <td>1</td>\n",
       "      <td>187</td>\n",
       "      <td>0</td>\n",
       "      <td>3.5</td>\n",
       "      <td>0</td>\n",
       "      <td>0</td>\n",
       "      <td>2</td>\n",
       "      <td>1</td>\n",
       "    </tr>\n",
       "    <tr>\n",
       "      <th>2</th>\n",
       "      <td>41</td>\n",
       "      <td>0</td>\n",
       "      <td>1</td>\n",
       "      <td>130</td>\n",
       "      <td>204</td>\n",
       "      <td>0</td>\n",
       "      <td>0</td>\n",
       "      <td>172</td>\n",
       "      <td>0</td>\n",
       "      <td>1.4</td>\n",
       "      <td>2</td>\n",
       "      <td>0</td>\n",
       "      <td>2</td>\n",
       "      <td>1</td>\n",
       "    </tr>\n",
       "    <tr>\n",
       "      <th>3</th>\n",
       "      <td>56</td>\n",
       "      <td>1</td>\n",
       "      <td>1</td>\n",
       "      <td>120</td>\n",
       "      <td>236</td>\n",
       "      <td>0</td>\n",
       "      <td>1</td>\n",
       "      <td>178</td>\n",
       "      <td>0</td>\n",
       "      <td>0.8</td>\n",
       "      <td>2</td>\n",
       "      <td>0</td>\n",
       "      <td>2</td>\n",
       "      <td>1</td>\n",
       "    </tr>\n",
       "    <tr>\n",
       "      <th>4</th>\n",
       "      <td>57</td>\n",
       "      <td>0</td>\n",
       "      <td>0</td>\n",
       "      <td>120</td>\n",
       "      <td>354</td>\n",
       "      <td>0</td>\n",
       "      <td>1</td>\n",
       "      <td>163</td>\n",
       "      <td>1</td>\n",
       "      <td>0.6</td>\n",
       "      <td>2</td>\n",
       "      <td>0</td>\n",
       "      <td>2</td>\n",
       "      <td>1</td>\n",
       "    </tr>\n",
       "  </tbody>\n",
       "</table>\n",
       "</div>"
      ],
      "text/plain": [
       "   age  sex  cp  trestbps  chol  fbs  restecg  thalach  exang  oldpeak  slope  \\\n",
       "0   63    1   3       145   233    1        0      150      0      2.3      0   \n",
       "1   37    1   2       130   250    0        1      187      0      3.5      0   \n",
       "2   41    0   1       130   204    0        0      172      0      1.4      2   \n",
       "3   56    1   1       120   236    0        1      178      0      0.8      2   \n",
       "4   57    0   0       120   354    0        1      163      1      0.6      2   \n",
       "\n",
       "   ca  thal  target  \n",
       "0   0     1       1  \n",
       "1   0     2       1  \n",
       "2   0     2       1  \n",
       "3   0     2       1  \n",
       "4   0     2       1  "
      ]
     },
     "execution_count": 3,
     "metadata": {},
     "output_type": "execute_result"
    }
   ],
   "source": [
    "data = pd.read_csv(\"heart.csv\")\n",
    "data.head()"
   ]
  },
  {
   "cell_type": "markdown",
   "id": "8b31d18c",
   "metadata": {},
   "source": [
    "## Data Analysis  "
   ]
  },
  {
   "cell_type": "code",
   "execution_count": 4,
   "id": "9be592a9",
   "metadata": {
    "scrolled": true
   },
   "outputs": [
    {
     "name": "stdout",
     "output_type": "stream",
     "text": [
      "<class 'pandas.core.frame.DataFrame'>\n",
      "RangeIndex: 303 entries, 0 to 302\n",
      "Data columns (total 14 columns):\n",
      " #   Column    Non-Null Count  Dtype  \n",
      "---  ------    --------------  -----  \n",
      " 0   age       303 non-null    int64  \n",
      " 1   sex       303 non-null    int64  \n",
      " 2   cp        303 non-null    int64  \n",
      " 3   trestbps  303 non-null    int64  \n",
      " 4   chol      303 non-null    int64  \n",
      " 5   fbs       303 non-null    int64  \n",
      " 6   restecg   303 non-null    int64  \n",
      " 7   thalach   303 non-null    int64  \n",
      " 8   exang     303 non-null    int64  \n",
      " 9   oldpeak   303 non-null    float64\n",
      " 10  slope     303 non-null    int64  \n",
      " 11  ca        303 non-null    int64  \n",
      " 12  thal      303 non-null    int64  \n",
      " 13  target    303 non-null    int64  \n",
      "dtypes: float64(1), int64(13)\n",
      "memory usage: 33.3 KB\n"
     ]
    }
   ],
   "source": [
    "data.info()"
   ]
  },
  {
   "cell_type": "code",
   "execution_count": 5,
   "id": "93368c71",
   "metadata": {
    "scrolled": true
   },
   "outputs": [
    {
     "data": {
      "text/html": [
       "<div>\n",
       "<style scoped>\n",
       "    .dataframe tbody tr th:only-of-type {\n",
       "        vertical-align: middle;\n",
       "    }\n",
       "\n",
       "    .dataframe tbody tr th {\n",
       "        vertical-align: top;\n",
       "    }\n",
       "\n",
       "    .dataframe thead th {\n",
       "        text-align: right;\n",
       "    }\n",
       "</style>\n",
       "<table border=\"1\" class=\"dataframe\">\n",
       "  <thead>\n",
       "    <tr style=\"text-align: right;\">\n",
       "      <th></th>\n",
       "      <th>age</th>\n",
       "      <th>sex</th>\n",
       "      <th>cp</th>\n",
       "      <th>trestbps</th>\n",
       "      <th>chol</th>\n",
       "      <th>fbs</th>\n",
       "      <th>restecg</th>\n",
       "      <th>thalach</th>\n",
       "      <th>exang</th>\n",
       "      <th>oldpeak</th>\n",
       "      <th>slope</th>\n",
       "      <th>ca</th>\n",
       "      <th>thal</th>\n",
       "      <th>target</th>\n",
       "    </tr>\n",
       "  </thead>\n",
       "  <tbody>\n",
       "    <tr>\n",
       "      <th>count</th>\n",
       "      <td>303.000000</td>\n",
       "      <td>303.000000</td>\n",
       "      <td>303.000000</td>\n",
       "      <td>303.000000</td>\n",
       "      <td>303.000000</td>\n",
       "      <td>303.000000</td>\n",
       "      <td>303.000000</td>\n",
       "      <td>303.000000</td>\n",
       "      <td>303.000000</td>\n",
       "      <td>303.000000</td>\n",
       "      <td>303.000000</td>\n",
       "      <td>303.000000</td>\n",
       "      <td>303.000000</td>\n",
       "      <td>303.000000</td>\n",
       "    </tr>\n",
       "    <tr>\n",
       "      <th>mean</th>\n",
       "      <td>54.366337</td>\n",
       "      <td>0.683168</td>\n",
       "      <td>0.966997</td>\n",
       "      <td>131.623762</td>\n",
       "      <td>246.264026</td>\n",
       "      <td>0.148515</td>\n",
       "      <td>0.528053</td>\n",
       "      <td>149.646865</td>\n",
       "      <td>0.326733</td>\n",
       "      <td>1.039604</td>\n",
       "      <td>1.399340</td>\n",
       "      <td>0.729373</td>\n",
       "      <td>2.313531</td>\n",
       "      <td>0.544554</td>\n",
       "    </tr>\n",
       "    <tr>\n",
       "      <th>std</th>\n",
       "      <td>9.082101</td>\n",
       "      <td>0.466011</td>\n",
       "      <td>1.032052</td>\n",
       "      <td>17.538143</td>\n",
       "      <td>51.830751</td>\n",
       "      <td>0.356198</td>\n",
       "      <td>0.525860</td>\n",
       "      <td>22.905161</td>\n",
       "      <td>0.469794</td>\n",
       "      <td>1.161075</td>\n",
       "      <td>0.616226</td>\n",
       "      <td>1.022606</td>\n",
       "      <td>0.612277</td>\n",
       "      <td>0.498835</td>\n",
       "    </tr>\n",
       "    <tr>\n",
       "      <th>min</th>\n",
       "      <td>29.000000</td>\n",
       "      <td>0.000000</td>\n",
       "      <td>0.000000</td>\n",
       "      <td>94.000000</td>\n",
       "      <td>126.000000</td>\n",
       "      <td>0.000000</td>\n",
       "      <td>0.000000</td>\n",
       "      <td>71.000000</td>\n",
       "      <td>0.000000</td>\n",
       "      <td>0.000000</td>\n",
       "      <td>0.000000</td>\n",
       "      <td>0.000000</td>\n",
       "      <td>0.000000</td>\n",
       "      <td>0.000000</td>\n",
       "    </tr>\n",
       "    <tr>\n",
       "      <th>25%</th>\n",
       "      <td>47.500000</td>\n",
       "      <td>0.000000</td>\n",
       "      <td>0.000000</td>\n",
       "      <td>120.000000</td>\n",
       "      <td>211.000000</td>\n",
       "      <td>0.000000</td>\n",
       "      <td>0.000000</td>\n",
       "      <td>133.500000</td>\n",
       "      <td>0.000000</td>\n",
       "      <td>0.000000</td>\n",
       "      <td>1.000000</td>\n",
       "      <td>0.000000</td>\n",
       "      <td>2.000000</td>\n",
       "      <td>0.000000</td>\n",
       "    </tr>\n",
       "    <tr>\n",
       "      <th>50%</th>\n",
       "      <td>55.000000</td>\n",
       "      <td>1.000000</td>\n",
       "      <td>1.000000</td>\n",
       "      <td>130.000000</td>\n",
       "      <td>240.000000</td>\n",
       "      <td>0.000000</td>\n",
       "      <td>1.000000</td>\n",
       "      <td>153.000000</td>\n",
       "      <td>0.000000</td>\n",
       "      <td>0.800000</td>\n",
       "      <td>1.000000</td>\n",
       "      <td>0.000000</td>\n",
       "      <td>2.000000</td>\n",
       "      <td>1.000000</td>\n",
       "    </tr>\n",
       "    <tr>\n",
       "      <th>75%</th>\n",
       "      <td>61.000000</td>\n",
       "      <td>1.000000</td>\n",
       "      <td>2.000000</td>\n",
       "      <td>140.000000</td>\n",
       "      <td>274.500000</td>\n",
       "      <td>0.000000</td>\n",
       "      <td>1.000000</td>\n",
       "      <td>166.000000</td>\n",
       "      <td>1.000000</td>\n",
       "      <td>1.600000</td>\n",
       "      <td>2.000000</td>\n",
       "      <td>1.000000</td>\n",
       "      <td>3.000000</td>\n",
       "      <td>1.000000</td>\n",
       "    </tr>\n",
       "    <tr>\n",
       "      <th>max</th>\n",
       "      <td>77.000000</td>\n",
       "      <td>1.000000</td>\n",
       "      <td>3.000000</td>\n",
       "      <td>200.000000</td>\n",
       "      <td>564.000000</td>\n",
       "      <td>1.000000</td>\n",
       "      <td>2.000000</td>\n",
       "      <td>202.000000</td>\n",
       "      <td>1.000000</td>\n",
       "      <td>6.200000</td>\n",
       "      <td>2.000000</td>\n",
       "      <td>4.000000</td>\n",
       "      <td>3.000000</td>\n",
       "      <td>1.000000</td>\n",
       "    </tr>\n",
       "  </tbody>\n",
       "</table>\n",
       "</div>"
      ],
      "text/plain": [
       "              age         sex          cp    trestbps        chol         fbs  \\\n",
       "count  303.000000  303.000000  303.000000  303.000000  303.000000  303.000000   \n",
       "mean    54.366337    0.683168    0.966997  131.623762  246.264026    0.148515   \n",
       "std      9.082101    0.466011    1.032052   17.538143   51.830751    0.356198   \n",
       "min     29.000000    0.000000    0.000000   94.000000  126.000000    0.000000   \n",
       "25%     47.500000    0.000000    0.000000  120.000000  211.000000    0.000000   \n",
       "50%     55.000000    1.000000    1.000000  130.000000  240.000000    0.000000   \n",
       "75%     61.000000    1.000000    2.000000  140.000000  274.500000    0.000000   \n",
       "max     77.000000    1.000000    3.000000  200.000000  564.000000    1.000000   \n",
       "\n",
       "          restecg     thalach       exang     oldpeak       slope          ca  \\\n",
       "count  303.000000  303.000000  303.000000  303.000000  303.000000  303.000000   \n",
       "mean     0.528053  149.646865    0.326733    1.039604    1.399340    0.729373   \n",
       "std      0.525860   22.905161    0.469794    1.161075    0.616226    1.022606   \n",
       "min      0.000000   71.000000    0.000000    0.000000    0.000000    0.000000   \n",
       "25%      0.000000  133.500000    0.000000    0.000000    1.000000    0.000000   \n",
       "50%      1.000000  153.000000    0.000000    0.800000    1.000000    0.000000   \n",
       "75%      1.000000  166.000000    1.000000    1.600000    2.000000    1.000000   \n",
       "max      2.000000  202.000000    1.000000    6.200000    2.000000    4.000000   \n",
       "\n",
       "             thal      target  \n",
       "count  303.000000  303.000000  \n",
       "mean     2.313531    0.544554  \n",
       "std      0.612277    0.498835  \n",
       "min      0.000000    0.000000  \n",
       "25%      2.000000    0.000000  \n",
       "50%      2.000000    1.000000  \n",
       "75%      3.000000    1.000000  \n",
       "max      3.000000    1.000000  "
      ]
     },
     "execution_count": 5,
     "metadata": {},
     "output_type": "execute_result"
    }
   ],
   "source": [
    "data.describe()"
   ]
  },
  {
   "cell_type": "code",
   "execution_count": 6,
   "id": "1f890a62",
   "metadata": {},
   "outputs": [
    {
     "data": {
      "text/plain": [
       "age           int64\n",
       "sex           int64\n",
       "cp            int64\n",
       "trestbps      int64\n",
       "chol          int64\n",
       "fbs           int64\n",
       "restecg       int64\n",
       "thalach       int64\n",
       "exang         int64\n",
       "oldpeak     float64\n",
       "slope         int64\n",
       "ca            int64\n",
       "thal          int64\n",
       "target        int64\n",
       "dtype: object"
      ]
     },
     "execution_count": 6,
     "metadata": {},
     "output_type": "execute_result"
    }
   ],
   "source": [
    "data.dtypes"
   ]
  },
  {
   "cell_type": "code",
   "execution_count": 7,
   "id": "ba9d247d",
   "metadata": {},
   "outputs": [
    {
     "data": {
      "text/plain": [
       "1"
      ]
     },
     "execution_count": 7,
     "metadata": {},
     "output_type": "execute_result"
    }
   ],
   "source": [
    "data.duplicated().sum()"
   ]
  },
  {
   "cell_type": "code",
   "execution_count": 8,
   "id": "c36f0133",
   "metadata": {},
   "outputs": [
    {
     "data": {
      "text/plain": [
       "(303, 14)"
      ]
     },
     "execution_count": 8,
     "metadata": {},
     "output_type": "execute_result"
    }
   ],
   "source": [
    "data.shape"
   ]
  },
  {
   "cell_type": "markdown",
   "id": "2ce8fe34",
   "metadata": {},
   "source": [
    "### Checking Null Values "
   ]
  },
  {
   "cell_type": "code",
   "execution_count": 9,
   "id": "3f20e876",
   "metadata": {},
   "outputs": [
    {
     "data": {
      "text/plain": [
       "age         0\n",
       "sex         0\n",
       "cp          0\n",
       "trestbps    0\n",
       "chol        0\n",
       "fbs         0\n",
       "restecg     0\n",
       "thalach     0\n",
       "exang       0\n",
       "oldpeak     0\n",
       "slope       0\n",
       "ca          0\n",
       "thal        0\n",
       "target      0\n",
       "dtype: int64"
      ]
     },
     "execution_count": 9,
     "metadata": {},
     "output_type": "execute_result"
    }
   ],
   "source": [
    "data.isnull().sum()"
   ]
  },
  {
   "cell_type": "code",
   "execution_count": 10,
   "id": "9645eedf",
   "metadata": {},
   "outputs": [
    {
     "data": {
      "text/plain": [
       "0"
      ]
     },
     "execution_count": 10,
     "metadata": {},
     "output_type": "execute_result"
    }
   ],
   "source": [
    "data.isnull().sum().sum()"
   ]
  },
  {
   "cell_type": "code",
   "execution_count": 11,
   "id": "45090177",
   "metadata": {},
   "outputs": [
    {
     "data": {
      "text/plain": [
       "Index(['age', 'sex', 'cp', 'trestbps', 'chol', 'fbs', 'restecg', 'thalach',\n",
       "       'exang', 'oldpeak', 'slope', 'ca', 'thal', 'target'],\n",
       "      dtype='object')"
      ]
     },
     "execution_count": 11,
     "metadata": {},
     "output_type": "execute_result"
    }
   ],
   "source": [
    "data.columns"
   ]
  },
  {
   "cell_type": "code",
   "execution_count": 12,
   "id": "e6924538",
   "metadata": {},
   "outputs": [
    {
     "name": "stdout",
     "output_type": "stream",
     "text": [
      "Number of Rows :  303\n",
      "Number of Columns :  14\n"
     ]
    }
   ],
   "source": [
    "shape=data.shape\n",
    "print('Number of Rows : ',shape[0])\n",
    "print('Number of Columns : ',shape[1])"
   ]
  },
  {
   "cell_type": "code",
   "execution_count": 13,
   "id": "9abf1cc0",
   "metadata": {},
   "outputs": [],
   "source": [
    "sns.set(style='whitegrid', context='notebook')\n",
    "cols = ['age', 'sex', 'cp', 'trestbps', 'chol', 'fbs', 'restecg', 'thalach',\n",
    "       'exang', 'oldpeak', 'slope', 'ca', 'thal', 'target']"
   ]
  },
  {
   "cell_type": "code",
   "execution_count": 14,
   "id": "72ee7ff0",
   "metadata": {},
   "outputs": [
    {
     "data": {
      "text/plain": [
       "array([[ 1.        , -0.0984466 , -0.06865302,  0.27935091,  0.21367796,\n",
       "         0.12130765, -0.1162109 , -0.39852194,  0.09680083,  0.21001257,\n",
       "        -0.16881424,  0.27632624,  0.06800138, -0.22543872],\n",
       "       [-0.0984466 ,  1.        , -0.04935288, -0.05676882, -0.19791217,\n",
       "         0.04503179, -0.05819627, -0.04401991,  0.14166381,  0.09609288,\n",
       "        -0.03071057,  0.11826141,  0.2100411 , -0.28093658],\n",
       "       [-0.06865302, -0.04935288,  1.        ,  0.04760776, -0.07690439,\n",
       "         0.09444403,  0.04442059,  0.29576212, -0.39428027, -0.14923016,\n",
       "         0.11971659, -0.18105303, -0.16173557,  0.43379826],\n",
       "       [ 0.27935091, -0.05676882,  0.04760776,  1.        ,  0.12317421,\n",
       "         0.17753054, -0.11410279, -0.04669773,  0.06761612,  0.19321647,\n",
       "        -0.12147458,  0.10138899,  0.06220989, -0.14493113],\n",
       "       [ 0.21367796, -0.19791217, -0.07690439,  0.12317421,  1.        ,\n",
       "         0.0132936 , -0.15104008, -0.00993984,  0.06702278,  0.05395192,\n",
       "        -0.00403777,  0.07051093,  0.09880299, -0.08523911],\n",
       "       [ 0.12130765,  0.04503179,  0.09444403,  0.17753054,  0.0132936 ,\n",
       "         1.        , -0.08418905, -0.00856711,  0.02566515,  0.00574722,\n",
       "        -0.05989418,  0.13797933, -0.03201934, -0.02804576],\n",
       "       [-0.1162109 , -0.05819627,  0.04442059, -0.11410279, -0.15104008,\n",
       "        -0.08418905,  1.        ,  0.04412344, -0.07073286, -0.05877023,\n",
       "         0.09304482, -0.07204243, -0.0119814 ,  0.1372295 ],\n",
       "       [-0.39852194, -0.04401991,  0.29576212, -0.04669773, -0.00993984,\n",
       "        -0.00856711,  0.04412344,  1.        , -0.37881209, -0.34418695,\n",
       "         0.38678441, -0.21317693, -0.09643913,  0.42174093],\n",
       "       [ 0.09680083,  0.14166381, -0.39428027,  0.06761612,  0.06702278,\n",
       "         0.02566515, -0.07073286, -0.37881209,  1.        ,  0.28822281,\n",
       "        -0.25774837,  0.11573938,  0.20675379, -0.43675708],\n",
       "       [ 0.21001257,  0.09609288, -0.14923016,  0.19321647,  0.05395192,\n",
       "         0.00574722, -0.05877023, -0.34418695,  0.28822281,  1.        ,\n",
       "        -0.57753682,  0.22268232,  0.21024413, -0.430696  ],\n",
       "       [-0.16881424, -0.03071057,  0.11971659, -0.12147458, -0.00403777,\n",
       "        -0.05989418,  0.09304482,  0.38678441, -0.25774837, -0.57753682,\n",
       "         1.        , -0.08015521, -0.10476379,  0.34587708],\n",
       "       [ 0.27632624,  0.11826141, -0.18105303,  0.10138899,  0.07051093,\n",
       "         0.13797933, -0.07204243, -0.21317693,  0.11573938,  0.22268232,\n",
       "        -0.08015521,  1.        ,  0.15183213, -0.39172399],\n",
       "       [ 0.06800138,  0.2100411 , -0.16173557,  0.06220989,  0.09880299,\n",
       "        -0.03201934, -0.0119814 , -0.09643913,  0.20675379,  0.21024413,\n",
       "        -0.10476379,  0.15183213,  1.        , -0.34402927],\n",
       "       [-0.22543872, -0.28093658,  0.43379826, -0.14493113, -0.08523911,\n",
       "        -0.02804576,  0.1372295 ,  0.42174093, -0.43675708, -0.430696  ,\n",
       "         0.34587708, -0.39172399, -0.34402927,  1.        ]])"
      ]
     },
     "execution_count": 14,
     "metadata": {},
     "output_type": "execute_result"
    }
   ],
   "source": [
    "cm = np.corrcoef(data[cols].values.T)\n",
    "cm"
   ]
  },
  {
   "cell_type": "markdown",
   "id": "fa9fe8e4",
   "metadata": {},
   "source": [
    "# Data Visualization "
   ]
  },
  {
   "cell_type": "code",
   "execution_count": 15,
   "id": "4c66d8a9",
   "metadata": {},
   "outputs": [
    {
     "data": {
